# Created by Octave 3.8.1, Mon Jul 13 13:00:38 2015 CDT <powerserver@jjpowerserver>
# name: data_pg
# type: matrix
# rows: 783
# columns: 3
 45183.15812438 8.4781 1.4794
 45183.309660715 7.8721 1.4157
 45183.461132447 7.1526 1.3388
 45183.612605297 5.9555 1.308
 45183.764077944 7.854 1.3512
 45183.915601337 6.018 1.2951
 45184.067138093 6.9117 1.3255
 45184.218678056 7.8693 1.3904
 45184.370161695 5.9727 1.2961
 45184.521640329 6.5532 1.2834
 45184.6731237 7.8117 1.3385
 45184.824604075 7.1074 1.3293
 45184.976095137 7.4286 1.2909
 45185.127599701 7.0712 1.3444
 45185.279131944 7.7929 1.3676
 45185.430667773 6.3562 1.2878
 45185.58215679 6.6281 1.2543
 45185.733635922 7.3697 1.3139
 45185.885123861 6.2455 1.2988
 45186.036597415 7.5582 1.3744
 45186.188061306 7.9027 1.4265
 45186.339551097 6.5818 1.2788
 45186.491035188 6.756 1.3188
 45186.642506395 6.4831 1.2935
 45186.793974141 7.7022 1.3025
 45186.945445127 7.0019 1.3004
 45187.096919011 7.7593 1.3602
 45187.248357096 7.5006 1.3649
 45187.399847621 6.6496 1.3078
 45187.551304238 6.5192 1.2785
 45187.702789772 7.8695 1.3204
 45187.854249634 7.7718 1.3581
 45188.005719341 6.5016 1.337
 45188.157180941 7.6139 1.3712
 45188.308611729 7.8075 1.3893
 45188.460084699 6.0998 1.3376
 45188.611574281 8.333 1.2958
 45188.763062284 7.6809 1.3448
 45188.914496873 6.8693 1.3524
 45189.066002288 7.2708 1.3087
 45189.21751243 8.517200000000001 1.4534
 45189.369011911 8.493 1.3493
 45189.520484817 7.8538 1.3443
 45189.671956072 8.6767 1.3711
 45189.823459875 8.5184 1.8245
 45189.974967508 7.2515 1.3315
 45190.12643686 6.9294 1.3005
 45190.277909435 7.8113 1.3482
 45190.429343151 15.4777 2.4478
 45190.580152627 37.5747 4.6281
 45190.730973104 37.475 4.6419
 45190.881795201 37.4894 4.6713
 45191.032575963 37.7591 4.6403
 45191.183364815 37.4909 4.6672
 45191.334150605 37.7545 4.6409
 45191.484934059 37.5003 4.6081
 45191.635717662 37.5204 4.6698
 45191.78650756 37.7576 4.6067
 45191.937282506 37.5237 4.6063
 45192.088060886 37.7962 4.6371
 45192.238855425 37.5227 4.5777
 45192.389641295 37.5401 4.67
 45192.540421933 37.7909 4.6396
 45192.691213699 37.5511 4.6657
 45192.841997311 37.5623 4.637
 45192.992780185 37.8047 4.6376
 45193.143556062 37.5457 4.6379
 45193.294347323 37.7819 4.6378
 45193.445151836 37.5798 4.6378
 45193.595952819 37.6763 4.6713
 45193.74676621 37.9161 4.5799
 45193.897564771 37.6872 4.6416
 45194.04834988 37.9481 4.6428
 45194.199145588 37.6755 4.6713
 45194.34994279 37.9438 4.6105
 45194.500737546 37.6768 4.6416
 45194.651524413 37.692 4.6722
 45194.802320954 37.9354 4.6412
 45194.953112914 37.6909 4.6433
 45195.103902171 37.7038 4.6408
 45195.254709153 37.9354 4.6386
 45195.405507365 37.7271 4.6718
 45195.556300437 37.9833 4.6411
 45195.707106364 37.731 4.6709
 45195.85790489 37.9937 4.6422
 45196.008692005 37.7426 4.6412
 45196.159488117 37.7228 4.6426
 45196.310284997 37.9609 4.6103
 45196.46109382 39.5441 6.0852
 45196.612019044 41.4946 7.4921
 45196.76293304 41.2147 7.548
 45196.913821345 41.4693 7.5042
 45197.064693182 41.2018 7.5027
 45197.215598235 41.5115 7.4742
 45197.366507838 41.2559 7.5657
 45197.517400514 41.5211 7.4835
 45197.668301129 41.2609 7.4462
 45197.81920151 41.5218 7.4484
 45197.970169793 41.2126 7.4267
 45198.121035407 41.5139 7.5022
 45198.271936897 41.1845 7.4899
 45198.422885179 41.4249 7.5213
 45198.573798741 41.2753 7.5072
 45198.724683786 41.4543 7.464
 45198.875569528 41.2656 7.4725
 45199.026471013 41.5449 7.4393
 45199.177368563 41.1971 7.5522
 45199.328263957 41.507 7.4762
 45199.479194825 41.1376 7.5802
 45199.630080648 41.481 7.5675
 45199.780966918 41.2204 7.7571
 45199.931862171 41.492 7.6291
 45200.082773936 41.2326 7.6472
 45200.233677998 41.4517 7.6983
 45200.384603918 41.1884 7.6554
 45200.53547945 41.5001 7.7129
 45200.686365779 41.1905 7.7638
 45200.837249349 41.4829 7.687
 45200.988161365 41.159 7.758
 45201.13907099 41.4742 7.6857
 45201.289960018 41.0827 7.7526
 45201.440838986 41.4382 7.7065
 45201.591723409 41.2268 7.7083
 45201.742678119 41.4213 7.6182
 45201.893571386 41.1931 7.7332
 45202.044494195 41.5308 7.6926
 45202.195408976 41.214 7.7245
 45202.346288923 41.4858 7.6559
 45202.497175561 41.5293 8.2356
 45202.648072281 41.9287 8.3766
 45202.799014999 41.6671 8.6381
 45202.949904342 41.9815 8.4785
 45203.100791376 41.9409 8.558
 45203.251712545 41.6845 8.3238
 45203.40265346 41.9175 8.545999999999999
 45203.553549534 41.6409 8.5726
 45203.70445787 41.9173 8.4476
 45203.855401111 41.6048 8.446
 45204.006318107 41.5778 8.431900000000001
 45204.157213665 41.8682 8.4017
 45204.308119248 41.8559 8.251799999999999
 45204.459044274 41.6152 8.4259
 45204.609961583 41.8504 8.2667
 45204.760856899 41.6412 8.6347
 45204.911754444 41.949 8.186999999999999
 45205.062675113 41.6263 8.353899999999999
 45205.213591568 41.8405 8.105499999999999
 45205.3644995 41.6234 8.5733
 45205.515402743 42.6837 8.364100000000001
 45205.666308765 42.5268 8.4678
 45205.817218814 42.7621 8.403700000000001
 45205.968135394 42.4338 8.4345
 45206.119113056 42.7724 8.3002
 45206.270045134 42.4294 8.423999999999999
 45206.420976289 42.7515 8.3102
 45206.571887942 42.4844 8.4391
 45206.722829 42.7725 8.3607
 45206.87375202 42.7511 8.403499999999999
 45207.024663759 42.4843 8.291399999999999
 45207.175607958 42.7709 8.3775
 45207.326570078 42.4617 8.419600000000001
 45207.477494174 42.754 8.298400000000001
 45207.628407092 42.5031 8.4237
 45207.779360614 42.7468 8.351599999999999
 45207.930252538 42.509 8.4399
 45208.081149849 42.7539 8.387
 45208.232065603 42.4423 8.323700000000001
 45208.382995461 42.7409 8.320499999999999
 45208.533905777 36.3774 4.8458
 45208.684717034 36.5895 4.5995
 45208.835486545 36.3931 4.5689
 45208.986249869 36.3871 4.6585
 45209.137019649 36.6299 4.6263
 45209.287794703 36.3409 4.6534
 45209.438582767 36.5711 4.6227
 45209.589349387 36.354 4.624
 45209.740117149 36.3993 4.5922
 45209.890895706 36.5702 4.6236
 45210.041661026 36.3445 4.6564
 45210.192434768 36.3319 4.6196
 45210.343219745 36.6178 4.6215
 45210.493991783 36.3823 4.6558
 45210.644767398 36.6014 4.5924
 45210.795542271 36.3307 4.5917
 45210.946309403 36.33 4.6535
 45211.097083054 36.5515 4.5604
 45211.247857372 36.3209 4.6544
 45211.398662927 37.0577 4.7962
 45211.549566589 41.2166 7.4464
 45211.700497107 41.3894 7.435
 45211.851504208 41.1077 7.5032
 45212.002414589 41.3916 7.4264
 45212.153293036 41.1282 7.5525
 45212.30420678 41.3469 7.4887
 45212.45513302 41.0867 7.5687
 45212.606037123 41.3269 7.4981
 45212.75692175 41.1732 7.4865
 45212.907822539 41.3737 7.5046
 45213.058740313 41.0757 7.5867
 45213.209617654 41.3565 7.4876
 45213.360498237 41.0635 7.5168
 45213.511403534 41.3505 7.5133
 45213.662292308 41.0804 7.6044
 45213.813230492 41.3986 7.436
 45213.964123091 41.0898 7.5545
 45214.115051208 41.3524 7.4977
 45214.265939109 41.0793 7.5805
 45214.416839405 41.4162 7.5572
 45214.567726492 41.1007 7.7336
 45214.718662297 41.3961 7.6727
 45214.869550121 41.0893 7.7663
 45215.020443364 41.3174 7.6764
 45215.171355157 41.121 7.7292
 45215.322264859 41.3482 7.6956
 45215.473133682 41.0377 7.7062
 45215.624042245 41.3849 7.7021
 45215.774963532 41.1025 7.7446
 45215.925858481 41.3448 7.646
 45216.076749189 41.1205 7.7493
 45216.227656238 41.3565 7.623
 45216.378587936 41.4092 7.7289
 45216.529486011 41.1155 7.5803
 45216.68039431 41.3526 7.7371
 45216.831296039 41.1167 7.6525
 45216.982192647 41.1087 7.7245
 45217.133094663 41.4073 7.6904
 45217.2839949 41.3464 7.7278
 45217.434924882 41.6928 8.2209
 45217.585869659 43.3629 9.5929
 45217.736755831 43.0289 9.5671
 45217.887722886 43.2523 9.6282
 45218.038720034 43.0765 9.5594
 45218.189635068 43.269 9.5853
 45218.34055957 43.0435 9.6342
 45218.491488881 43.2451 9.5657
 45218.642451431 42.9481 9.6374
 45218.793371247 43.3477 9.458299999999999
 45218.944353102 43.3468 9.614000000000001
 45219.095299364 43.0086 9.551600000000001
 45219.246238258 43.2593 9.586
 45219.397169717 42.9505 9.551299999999999
