# Created by Octave 3.8.1, Mon Jul 13 13:00:38 2015 CDT <powerserver@jjpowerserver>
# name: data_sp
# type: matrix
# rows: 0
# columns: 0


